1	2	1	2	1
2	3	2	1	1
3	4	1	2	1
4	3	2	1	1
5	1	1	1	1
6	2	2	2	1
7	4	1	2	1
8	3	2	1	1
9	1	1	1	1
10	2	2	2	1
11	1	1	1	1
12	4	2	2	1
13	2	1	2	1
14	3	2	1	1
15	2	1	2	1
16	1	2	1	1
17	4	1	2	1
18	3	2	1	1
19	2	1	2	1
20	1	2	1	1
21	2	1	2	1
22	1	2	1	1
23	2	1	2	1
24	4	2	2	1
25	1	1	1	1
26	2	2	2	1
27	3	1	1	1
28	1	2	1	1
29	4	1	2	1
30	1	2	1	1
31	2	1	2	1
32	4	2	2	1
33	1	1	1	1
34	2	2	2	1
35	3	1	1	1
36	1	2	1	1
37	2	1	2	1
38	4	2	2	1
39	3	1	1	1
40	4	2	2	1
41	1	1	1	1
42	2	2	2	1
43	1	1	1	1
44	4	2	2	1
45	3	1	1	1
46	2	2	2	1
47	4	1	2	1
48	3	2	1	1
49	1	1	1	1
50	2	2	2	1
51	1	1	1	1
52	4	2	2	1
53	2	1	2	1
54	3	2	1	1
55	4	1	2	1
56	3	2	1	1
57	2	1	2	1
58	3	2	1	1
59	4	1	2	1
60	2	2	2	1
61	3	1	1	1
62	4	2	2	1
63	1	1	1	1
64	4	2	2	1
65	2	1	2	1
66	1	2	1	1
67	4	1	2	1
68	3	2	1	1
69	2	1	2	1
70	3	2	1	1
71	4	1	2	1
72	1	2	1	1
73	3	1	1	1
74	2	2	2	1
75	3	1	1	1
76	4	2	2	1
77	1	1	1	1
78	3	2	1	1
79	4	1	2	1
80	1	2	1	1
81	3	1	1	1
82	2	2	2	1
83	4	1	2	1
84	1	2	1	1
85	3	1	1	1
86	4	2	2	1
87	3	1	1	1
88	2	2	2	1
89	1	1	1	1
90	2	2	2	1
91	3	1	1	1
92	1	2	1	1
93	4	1	2	1
94	1	2	1	1
95	3	1	1	1
96	4	2	2	1
97	2	1	2	0.2
98	3	2	1	0.3
99	4	1	2	0.45
100	1	2	1	0.2
101	2	1	2	0.45
102	1	2	1	0.3
103	2	1	2	0.45
104	3	2	1	0.2
105	1	1	1	0.3
106	4	2	2	0.45
107	3	1	1	0.3
108	1	2	1	0.45
109	4	1	2	0.3
110	2	2	2	0.45
111	3	1	1	0.3
112	1	2	1	0.45
113	4	1	2	0.3
114	2	2	2	0.2
115	1	1	1	0.45
116	4	2	2	0.3
117	2	1	2	0.45
118	3	2	1	0.2
119	4	1	2	0.45
120	1	2	1	0.3
121	3	1	1	0.45
122	4	2	2	0.2
123	3	1	1	0.45
124	2	2	2	0.2
125	1	1	1	0.3
126	3	2	1	0.2
127	4	1	2	0.45
128	2	2	2	0.3
129	3	1	1	0.45
130	1	2	1	0.2
131	4	1	2	0.3
132	3	2	1	0.45
133	1	1	1	0.2
134	2	2	2	0.45
135	1	1	1	0.2
136	2	2	2	0.3
137	1	1	1	0.2
138	2	2	2	0.45
139	4	1	2	0.2
140	3	2	1	0.3
141	2	1	2	0.2
142	3	2	1	0.45
143	2	1	2	0.2
144	3	2	1	0.3
145	1	1	1	0.2
146	4	2	2	0.45
147	2	1	2	0.2
148	3	2	1	0.3
149	1	1	1	0.45
150	4	2	2	0.2
151	2	1	2	0.3
152	3	2	1	0.45
153	2	1	2	0.3
154	1	2	1	0.2
155	3	1	1	0.45
156	4	2	2	0.3
157	3	1	1	0.2
158	2	2	2	0.3
159	3	1	1	0.2
160	1	2	1	0.3
161	4	1	2	0.45
162	2	2	2	0.2
163	3	1	1	0.3
164	4	2	2	0.45
165	3	1	1	0.2
166	4	2	2	0.3
167	3	1	1	0.2
168	1	2	1	0.3
169	4	1	2	0.2
170	1	2	1	0.45
171	2	1	2	0.3
172	4	2	2	0.2
173	1	1	1	0.45
174	4	2	2	0.2
175	1	1	1	0.3
176	3	2	1	0.2
177	4	1	2	0.3
178	2	2	2	0.2
179	1	1	1	0.45
180	2	2	2	0.3
181	4	1	2	0.2
182	3	2	1	0.45
183	4	1	2	0.2
184	2	2	2	0.45
185	1	1	1	0.3
186	4	2	2	0.45
187	3	1	1	0.3
188	1	2	1	0.45
189	2	1	2	0.3
190	1	2	1	0.2
191	2	1	2	0.45
192	4	2	2	0.3
193	2	1	2	0.05
194	3	1	1	0.3
195	2	2	2	0.45
196	3	2	1	0.05
197	1	1	1	0.2
198	2	1	2	0.05
199	1	2	1	0.1
200	2	2	2	0.45
201	4	1	2	0.2
202	1	1	1	0.3
203	4	2	2	0.45
204	3	1	1	0.3
205	1	2	1	0.2
206	4	1	2	0.3
207	1	1	1	0.45
208	3	2	1	0.1
209	4	2	2	0.2
210	3	1	1	0.05
211	2	1	2	0.3
212	3	2	1	0.45
213	4	2	2	0.1
214	3	1	1	0.2
215	2	2	2	0.05
216	3	2	1	0.3
217	1	1	1	0.2
218	4	2	2	0.05
219	1	2	1	0.45
220	2	1	2	0.2
221	4	1	2	0.05
222	3	2	1	0.45
223	1	1	1	0.05
224	4	1	2	0.2
225	2	2	2	0.3
226	3	1	1	0.45
227	2	1	2	0.05
228	1	2	1	0.3
229	4	2	2	0.45
230	3	1	1	0.05
231	1	1	1	0.1
232	2	2	2	0.05
233	4	1	2	0.45
234	1	2	1	0.3
235	2	2	2	0.1
236	1	1	1	0.05
237	4	2	2	0.3
238	1	2	1	0.2
239	4	1	2	0.3
240	1	1	1	0.2
241	4	2	2	0.05
242	2	2	2	0.2
243	1	1	1	0.05
244	2	1	2	0.3
245	3	2	1	0.05
246	4	1	2	0.45
247	2	1	2	0.2
248	3	2	1	0.1
249	2	1	2	0.05
250	1	2	1	0.3
251	3	1	1	0.1
252	2	1	2	0.45
253	4	2	2	0.2
254	1	2	1	0.45
255	3	1	1	0.3
256	2	1	2	0.1
257	4	2	2	0.05
258	1	1	1	0.45
259	3	2	1	0.2
260	4	1	2	0.05
261	3	2	1	0.2
262	4	1	2	0.05
263	2	2	2	0.3
264	1	1	1	0.05
265	2	1	2	0.2
266	1	2	1	0.05
267	4	2	2	0.45
268	3	1	1	0.05
269	4	2	2	0.2
270	3	2	1	0.05
271	1	1	1	0.3
272	2	2	2	0.45
273	1	2	1	0.05
274	3	1	1	0.2
275	2	2	2	0.1
276	4	1	2	0.05
277	3	2	1	0.3
278	2	2	2	0.05
279	4	1	2	0.3
280	1	2	1	0.05
281	3	1	1	0.45
282	2	2	2	0.2
283	4	1	2	0.1
284	1	2	1	0.05
285	2	1	2	0.45
286	3	1	1	0.05
287	4	2	2	0.3
288	3	2	1	0.45
289	1	1	1	0.45
290	2	2	2	0.1
291	4	1	2	0.2
292	3	2	1	0.45
293	4	1	2	0.2
294	1	2	1	0.45
295	2	1	2	0.1
296	4	2	2	0.2
297	3	1	1	0.05
298	1	2	1	0.1
299	2	1	2	0.05
300	4	2	2	0.45
301	3	1	1	0.2
302	1	2	1	0.45
303	2	1	2	0.2
304	1	2	1	0.05
305	4	1	2	0.3
306	1	2	1	0.2
307	2	1	2	0.3
308	3	2	1	0.2
309	1	1	1	0.1
310	2	2	2	0.3
311	3	1	1	0.45
312	2	2	2	0.1
313	1	1	1	0.3
314	3	2	1	0.05
315	2	1	2	0.2
316	1	2	1	0.3
317	4	1	2	0.05
318	3	2	1	0.3
319	4	1	2	0.05
320	1	2	1	0.3
321	2	1	2	0.2
322	4	2	2	0.05
323	3	1	1	0.2
324	4	2	2	0.3
325	1	1	1	0.2
326	4	2	2	0.05
327	1	1	1	0.3
328	3	2	1	0.05
329	4	1	2	0.1
330	1	2	1	0.05
331	4	1	2	0.3
332	3	2	1	0.45
333	2	1	2	0.05
334	4	2	2	0.3
335	1	1	1	0.2
336	2	2	2	0.45
337	3	1	1	0.3
338	4	2	2	0.2
339	3	1	1	0.05
340	1	2	1	0.2
341	4	1	2	0.45
342	1	2	1	0.05
343	2	1	2	0.3
344	4	2	2	0.05
345	3	1	1	0.45
346	2	2	2	0.05
347	3	1	1	0.1
348	2	2	2	0.3
349	3	1	1	0.05
350	2	2	2	0.45
351	4	1	2	0.05
352	1	2	1	0.3
353	3	1	1	0.05
354	2	2	2	0.2
355	3	1	1	0.3
356	2	2	2	0.05
357	4	1	2	0.3
358	3	2	1	0.2
359	1	1	1	0.05
360	2	2	2	0.2
361	4	1	2	0.05
362	3	2	1	0.1
363	1	1	1	0.05
364	4	2	2	0.1
365	1	1	1	0.45
366	3	2	1	0.05
367	2	1	2	0.45
368	1	2	1	0.05
369	4	1	2	0.45
370	2	2	2	0.05
371	3	1	1	0.3
372	2	2	2	0.45
373	1	1	1	0.2
374	4	2	2	0.45
375	2	1	2	0.05
376	3	2	1	0.45
377	1	1	1	0.05
378	4	2	2	0.45
379	2	1	2	0.05
380	3	2	1	0.1
381	2	1	2	0.45
382	3	2	1	0.3
383	1	1	1	0.05
384	4	2	2	0.2
385	3	1	1	0.45
386	4	2	2	0.2
387	2	2	2	0.1
388	1	1	1	0.05
389	3	1	1	0.3
390	2	2	2	0.05
391	1	1	1	0.3
392	4	2	2	0.2
393	2	2	2	0.05
394	1	1	1	0.3
395	3	1	1	0.1
396	2	2	2	0.05
397	3	1	1	0.45
398	4	2	2	0.05
399	1	1	1	0.45
400	4	2	2	0.1
401	1	1	1	0.2
402	4	2	2	0.05
403	1	1	1	0.45
404	3	1	1	0.3
405	2	2	2	0.2
406	1	1	1	0.45
407	4	2	2	0.3
408	2	2	2	0.05
409	3	1	1	0.1
410	4	2	2	0.05
411	1	1	1	0.2
412	2	2	2	0.05
413	3	1	1	0.3
414	1	1	1	0.05
415	2	2	2	0.1
416	1	1	1	0.3
417	2	2	2	0.45
418	3	1	1	0.05
419	1	1	1	0.2
420	2	2	2	0.3
421	3	1	1	0.05
422	2	2	2	0.1
423	3	1	1	0.45
424	4	2	2	0.05
425	2	2	2	0.45
426	1	1	1	0.1
427	2	2	2	0.2
428	3	1	1	0.1
429	4	2	2	0.2
430	3	1	1	0.05
431	4	2	2	0.3
432	3	1	1	0.05
433	1	1	1	0.1
434	2	2	2	0.2
435	3	1	1	0.45
436	2	2	2	0.3
437	4	2	2	0.05
438	3	1	1	0.2
439	4	2	2	0.45
440	1	1	1	0.05
441	4	2	2	0.3
442	2	2	2	0.2
443	1	1	1	0.05
444	3	1	1	0.2
445	2	2	2	0.05
446	4	2	2	0.1
447	3	1	1	0.05
448	4	2	2	0.2
449	3	1	1	0.05
450	2	2	2	0.45
451	4	2	2	0.05
452	1	1	1	0.2
453	2	2	2	0.05
454	4	2	2	0.2
455	3	1	1	0.3
456	2	2	2	0.45
457	3	1	1	0.2
458	1	1	1	0.45
459	4	2	2	0.3
460	2	2	2	0.2
461	1	1	1	0.3
462	3	1	1	0.05
463	4	2	2	0.45
464	3	1	1	0.2
465	4	2	2	0.45
466	1	1	1	0.05
467	4	2	2	0.45
468	1	1	1	0.3
469	2	2	2	0.45
470	1	1	1	0.2
471	2	2	2	0.3
472	1	1	1	0.05
473	2	2	2	0.3
474	1	1	1	0.05
475	4	2	2	0.3
476	1	1	1	0.05
477	4	2	2	0.45
478	3	1	1	0.3
479	4	2	2	0.05
480	3	1	1	0.45
481	3	1	1	0.3
482	1	1	1	0.05
483	4	2	2	0.2
484	2	2	2	0.3
485	3	1	1	0.2
486	2	2	2	0.45
487	1	1	1	0.05
488	2	2	2	0.1
489	1	1	1	0.2
490	2	2	2	0.3
491	3	1	1	0.05
492	4	2	2	0.2
493	3	1	1	0.3
494	2	2	2	0.05
495	3	1	1	0.2
496	1	1	1	0.45
497	2	2	2	0.3
498	4	2	2	0.05
499	3	1	1	0.1
500	1	1	1	0.05
501	2	2	2	0.2
502	3	1	1	0.05
503	1	1	1	0.3
504	2	2	2	0.05
505	4	2	2	0.45
506	3	1	1	0.05
507	4	2	2	0.3
508	3	1	1	0.05
509	4	2	2	0.1
510	1	1	1	0.05
511	4	2	2	0.45
512	1	1	1	0.05
513	2	2	2	0.45
514	3	1	1	0.05
515	4	2	2	0.2
516	2	2	2	0.1
517	1	1	1	0.05
518	2	2	2	0.45
519	1	1	1	0.1
520	4	2	2	0.05
521	2	2	2	0.45
522	1	1	1	0.3
523	3	1	1	0.45
524	4	2	2	0.3
525	1	1	1	0.45
526	3	1	1	0.1
527	4	2	2	0.3
528	3	1	1	0.05
529	1	1	1	0.3
530	2	2	2	0.05
531	3	1	1	0.3
532	4	2	2	0.05
533	3	1	1	0.2
534	1	1	1	0.3
535	2	2	2	0.05
536	1	1	1	0.1
537	4	2	2	0.2
538	1	1	1	0.45
539	4	2	2	0.05
540	2	2	2	0.2
541	3	1	1	0.45
542	1	1	1	0.2
543	4	2	2	0.3
544	2	2	2	0.2
545	3	1	1	0.3
546	4	2	2	0.05
547	1	1	1	0.2
548	2	2	2	0.05
549	1	1	1	0.3
550	3	1	1	0.05
551	2	2	2	0.2
552	4	2	2	0.05
553	3	1	1	0.45
554	1	1	1	0.05
555	2	2	2	0.2
556	4	2	2	0.05
557	3	1	1	0.3
558	2	2	2	0.05
559	4	2	2	0.45
560	3	1	1	0.1
561	1	1	1	0.05
562	2	2	2	0.1
563	4	2	2	0.45
564	3	1	1	0.2
565	2	2	2	0.3
566	1	1	1	0.2
567	4	2	2	0.45
568	2	2	2	0.05
569	3	1	1	0.45
570	4	2	2	0.1
571	3	1	1	0.45
572	4	2	2	0.2
573	1	1	1	0.45
574	4	2	2	0.3
575	2	2	2	0.45
576	1	1	1	0.2
577	3	1	1	0.3
578	4	2	2	0.2
579	1	1	1	0.05
580	3	1	1	0.45
581	2	2	2	0.05
582	1	1	1	0.3
583	2	2	2	0.05
584	4	2	2	0.3
585	3	1	1	0.45
586	4	2	2	0.1
587	1	1	1	0.05
588	2	2	2	0.45
589	4	2	2	0.2
590	1	1	1	0.1
591	3	1	1	0.2
592	2	2	2	0.45
593	1	1	1	0.05
594	2	2	2	0.1
595	1	1	1	0.3
596	3	1	1	0.05
597	2	2	2	0.1
598	1	1	1	0.05
599	4	2	2	0.2
600	2	2	2	0.1
601	1	1	1	0.2
602	4	2	2	0.3
603	1	1	1	0.45
604	2	2	2	0.05
605	3	1	1	0.3
606	1	1	1	0.45
607	4	2	2	0.05
608	2	2	2	0.3
609	3	1	1	0.05
610	1	1	1	0.45
611	2	2	2	0.3
612	4	2	2	0.05
613	3	1	1	0.1
614	2	2	2	0.2
615	4	2	2	0.3
616	1	1	1	0.1
617	3	1	1	0.05
618	2	2	2	0.45
619	4	2	2	0.2
620	1	1	1	0.05
621	2	2	2	0.2
622	4	2	2	0.05
623	1	1	1	0.3
624	3	1	1	0.45
625	2	2	2	0.05
626	4	2	2	0.45
627	1	1	1	0.2
628	4	2	2	0.45
629	2	2	2	0.05
630	1	1	1	0.2
631	2	2	2	0.05
632	3	1	1	0.45
633	1	1	1	0.05
634	2	2	2	0.2
635	3	1	1	0.1
636	1	1	1	0.2
637	4	2	2	0.45
638	2	2	2	0.2
639	1	1	1	0.45
640	3	1	1	0.2
641	4	2	2	0.3
642	3	1	1	0.2
643	2	2	2	0.05
644	3	1	1	0.3
645	4	2	2	0.45
646	3	1	1	0.1
647	1	1	1	0.05
648	4	2	2	0.2
649	1	1	1	0.3
650	3	1	1	0.05
651	4	2	2	0.1
652	1	1	1	0.05
653	2	2	2	0.3
654	4	2	2	0.05
655	3	1	1	0.3
656	2	2	2	0.45
657	4	2	2	0.3
658	3	1	1	0.05
659	1	1	1	0.3
660	4	2	2	0.45
661	3	1	1	0.05
662	1	1	1	0.2
663	4	2	2	0.05
664	3	1	1	0.45
665	2	2	2	0.3
666	4	2	2	0.05
667	3	1	1	0.2
668	2	2	2	0.45
669	4	2	2	0.05
670	3	1	1	0.3
671	2	2	2	0.2
672	3	1	1	0.05
673	1	1	1	0.05
674	2	2	2	0.1
675	3	1	1	0.3
676	2	2	2	0.05
677	1	1	1	0.2
678	4	2	2	0.3
679	1	1	1	0.2
680	2	2	2	0.3
681	3	1	1	0.05
682	1	1	1	0.3
683	2	2	2	0.2
684	1	1	1	0.05
685	3	1	1	0.3
686	2	2	2	0.05
687	3	1	1	0.45
688	4	2	2	0.3
689	1	1	1	0.05
690	2	2	2	0.3
691	4	2	2	0.05
692	3	1	1	0.45
693	4	2	2	0.05
694	3	1	1	0.45
695	2	2	2	0.05
696	4	2	2	0.45
697	3	1	1	0.2
698	4	2	2	0.05
699	2	2	2	0.45
700	3	1	1	0.2
701	4	2	2	0.3
702	2	2	2	0.45
703	1	1	1	0.05
704	3	1	1	0.1
705	4	2	2	0.45
706	2	2	2	0.2
707	1	1	1	0.45
708	3	1	1	0.05
709	4	2	2	0.2
710	3	1	1	0.1
711	1	1	1	0.05
712	2	2	2	0.3
713	4	2	2	0.45
714	3	1	1	0.2
715	2	2	2	0.1
716	4	2	2	0.3
717	1	1	1	0.05
718	2	2	2	0.2
719	1	1	1	0.05
720	3	1	1	0.1
721	2	2	2	0.2
722	1	1	1	0.45
723	3	1	1	0.05
724	2	2	2	0.45
725	1	1	1	0.1
726	3	1	1	0.05
727	4	2	2	0.3
728	1	1	1	0.45
729	4	2	2	0.05
730	1	1	1	0.3
731	2	2	2	0.1
732	4	2	2	0.2
733	3	1	1	0.05
734	2	2	2	0.45
735	1	1	1	0.2
736	4	2	2	0.05
737	1	1	1	0.3
738	4	2	2	0.1
739	1	1	1	0.2
740	2	2	2	0.05
741	1	1	1	0.2
742	3	1	1	0.05
743	2	2	2	0.2
744	4	2	2	0.1
745	3	1	1	0.2
746	2	2	2	0.05
747	4	2	2	0.45
748	3	1	1	0.3
749	4	2	2	0.05
750	1	1	1	0.45
751	4	2	2	0.2
752	2	2	2	0.3
753	3	1	1	0.05
754	4	2	2	0.2
755	3	1	1	0.45
756	1	1	1	0.3
757	2	2	2	0.05
758	3	1	1	0.3
759	1	1	1	0.1
760	2	2	2	0.05
761	3	1	1	0.45
762	4	2	2	0.2
763	3	1	1	0.3
764	1	1	1	0.05
765	2	2	2	0.45
766	4	2	2	0.05
767	1	1	1	0.3
768	4	2	2	0.45
